[gd_scene load_steps=4 format=3 uid="uid://cbb3luwri54cx"]

[ext_resource type="PackedScene" uid="uid://bs72ogkvdd7d6" path="res://Addons/Player/proto_controller/proto_controller.tscn" id="1_bexhn"]
[ext_resource type="Script" uid="uid://cil26k3eisfjx" path="res://Addons/Player/proto_controller/proto_controller.gd" id="2_t7iv1"]

[sub_resource type="Environment" id="Environment_qhyq2"]

[node name="Node3D" type="Node3D"]

[node name="ProtoController" parent="." instance=ExtResource("1_bexhn")]
transform = Transform3D(1, 0, 0, 0, 1, 0, 0, 0, 1, -15, 0, -15)
script = ExtResource("2_t7iv1")

[node name="CSGBox3D" type="CSGBox3D" parent="."]
use_collision = true
size = Vector3(50, 1, 50)

[node name="CSGBox3D2" type="CSGBox3D" parent="."]
transform = Transform3D(0.0046076747, 0, 0.9999894, 0, 1, 0, -0.9999894, 0, 0.0046076747, 24.559868, 10.53627, 0)
use_collision = true
size = Vector3(50, 20, 1)

[node name="CSGBox3D4" type="CSGBox3D" parent="."]
transform = Transform3D(-0.00244347, 0, 0.999997, 0, 1, 0, -0.999997, 0, -0.00244347, -24.546432, 10.565912, 0.025258064)
use_collision = true
size = Vector3(50, 20, 1)

[node name="CSGBox3D5" type="CSGBox3D" parent="."]
transform = Transform3D(-0.99999815, 0, 0.0019198218, 0, 1, 0, -0.0019198218, 0, -0.99999815, 0.015960693, 10.623403, -24.529575)
use_collision = true
size = Vector3(50, 20, 1)

[node name="CSGBox3D3" type="CSGBox3D" parent="."]
transform = Transform3D(1, 0, 0, 0, 1, 0, 0, 0, 1, 0.024240494, 10.547661, 24.60162)
use_collision = true
size = Vector3(50, 20, 1)

[node name="CSGBox3D6" type="CSGBox3D" parent="."]
transform = Transform3D(1, 0, 0, 0, 1, 0, 0, 0, 1, 13.95522, 5.5285597, -13.958037)
use_collision = true
size = Vector3(20, 10, 20)

[node name="CSGBox3D" type="CSGBox3D" parent="CSGBox3D6"]
operation = 2
size = Vector3(18, 8, 18)

[node name="CSGBox3D2" type="CSGBox3D" parent="CSGBox3D6"]
transform = Transform3D(1, 0, 0, 0, 1, 0, 0, 0, 1, 0, -2.5083022, 9.093454)
operation = 2
size = Vector3(3, 5, 2)

[node name="CSGBox3D3" type="CSGBox3D" parent="CSGBox3D6"]
transform = Transform3D(1, 0, 0, 0, 1, 0, 0, 0, 1, 0.1445694, 5.0982323, -0.12793446)
size = Vector3(18, 1, 18)

[node name="CSGBox3D4" type="CSGBox3D" parent="CSGBox3D6"]
transform = Transform3D(0.02520124, -0.630322, 0.77592486, 0.0009003065, 0.7761852, 0.63050455, -0.9996823, -0.015190929, 0.020128317, -16.066006, -0.22349548, -0.19735432)
size = Vector3(3, 0.5, 16)

[node name="CSGBox3D7" type="CSGBox3D" parent="."]
transform = Transform3D(1, 0, 0, 0, 1, 0, 0, 0, 1, -21.125082, 5.64233, 21.077595)
use_collision = true
size = Vector3(6, 10, 6)

[node name="CSGBox3D5" type="CSGBox3D" parent="CSGBox3D7"]
transform = Transform3D(0.99991786, -0.008774877, 0.009374604, 0.00090030476, 0.77618533, 0.6305046, -0.012809068, -0.63044405, 0.77612936, -0.22908401, -0.27962303, -9.046053)
size = Vector3(3, 0.5, 16)

[node name="DirectionalLight3D" type="DirectionalLight3D" parent="."]
transform = Transform3D(0.90630776, -0.34618863, 0.24240388, 0, 0.57357645, 0.81915206, -0.42261827, -0.74240386, 0.5198368, 13.045547, 36.99155, 14.16251)
light_energy = 2.0
shadow_enabled = true

[node name="WorldEnvironment" type="WorldEnvironment" parent="."]
environment = SubResource("Environment_qhyq2")

[node name="OmniLight3D" type="OmniLight3D" parent="."]
transform = Transform3D(1, 0, 0, 0, 1, 0, 0, 0, 1, 12.784157, 3.4325342, -13.18923)
light_energy = 5.0
shadow_enabled = true

[node name="SpotLight3D" type="SpotLight3D" parent="."]
transform = Transform3D(0.9098555, 0.36088783, -0.2047512, -0.13761391, 0.72799695, 0.6716271, 0.39144024, -0.58290696, 0.7120352, -21.054949, 18.850014, 24.65177)
layers = 1023
light_energy = 12.0
shadow_enabled = true
spot_range = 15.0

[node name="SpotLight3D2" type="SpotLight3D" parent="."]
transform = Transform3D(0.5712294, -0.5803865, 0.5803865, 0, 0.7071068, 0.70710677, -0.82079047, -0.4039202, 0.40392023, 23.541527, 10.351501, 23.36957)
light_energy = 5.0
spot_range = 25.0
